Sample_Id	Locations	Fishname	Diet	Habitats	Weight_Log_Transformed	faith_pd	chao1	shannon_entropy	lOG_Chao1	log_PD	Shannon_Log	  Axis 1	   Axis 2	   Axis 3	  Axis 4	   Axis 5	Lake_Water_Tem
1	2	13	4	2	2.26	10.40475242	44	4.016337732	1.64	1.02	0.6	-33.597	-39.644	-8.3978	8.4414	0.73482	20.1
2	2	13	4	2	2.28	4.864909309	31	3.937027667	1.49	0.69	0.6	-31.486	-35.226	-10.443	4.6952	-4.9078	20.1
3	2	13	4	2	2.3	26.63599445	134	5.322443144	2.13	1.43	0.73	-21.038	-28.746	-10.94	13.048	1.1246	20.1
4	2	13	4	2	2.28	7.10350628	38	2.775166355	1.58	0.85	0.44	-10.306	-8.2932	-13.649	-7.5841	1.7592	20.1
5	2	13	4	2	2.28	4.994005959	34	3.844251831	1.53	0.7	0.58	-40.3	-20.878	0.99619	18.33	-0.73436	20.1
6	2	13	4	2	2.26	11.28964327	58	4.325241562	1.76	1.05	0.64	-40.135	-24.19	1.2189	16.228	-0.30181	20.1
7	2	13	4	2	2.3	17.43161615	84	4.954449292	1.92	1.24	0.69	31.983	-7.9627	7.9598	3.2916	-3.4754	20.1
8	2	13	4	2	2.28	5.159518409	28	3.890918572	1.45	0.71	0.59	-25.142	-32.397	-5.2071	0.74987	8.0202	20.1
9	2	13	4	2	2.23	6.169094835	24	3.323612382	1.38	0.79	0.52	7.9129	10.513	-21.524	-4.9574	-9.5159	20.1
10	2	11	2	1	0.3	19.51525503	114	5.383543962	2.06	1.29	0.73	1.7538	-27.398	0.97844	8.0864	3.0043	20.1
11	2	17	4	2	2.08	10.04997152	40	3.030916043	1.6	1	0.48	15.613	-17.233	6.0002	8.2261	15.909	20.1
12	2	17	4	2	1.81	9.416282537	45	4.530757943	1.65	0.97	0.66	20.281	-14.031	6.3984	-3.0475	21.509	20.1
13	2	17	4	2	1.83	16.56866847	82	5.400097254	1.91	1.22	0.73	-2.9835	-19.152	1.8822	0.5331	18.081	20.1
14	2	14	4	2	2.21	17.33348687	91	4.804058833	1.96	1.24	0.68	26.351	-11.541	19.462	-5.8195	-4.5856	20.1
15	2	14	4	2	2.19	6.507918551	29	3.076201172	1.46	0.81	0.49	-25.849	-33.854	-3.8607	3.2947	5.8867	20.1
16	2	17	4	2	2.04	28.38416637	211	6.140628678	2.32	1.45	0.79	20.743	-3.2383	5.3405	2.475	-22.114	20.1
17	2	17	4	2	1.76	14.68064669	70	4.90454369	1.85	1.17	0.69	9.5331	-21.83	1.7483	-2.9052	16.891	20.1
18	2	17	4	2	1.81	30.0397451	165	5.594167137	2.22	1.48	0.75	18.216	-17.183	10.874	-1.7557	-11.799	20.1
19	2	14	4	2	2.18	10.69977244	39	4.225343039	1.59	1.03	0.63	34.846	-6.8472	12.641	-5.843	19.985	20.1
20	2	11	2	1	1.8	14.28357148	65	4.626667024	1.81	1.15	0.67	42.723	-3.1209	6.7964	5.8951	6.092	20.1
21	2	11	2	1	0.18	19.11922688	103	5.198149547	2.01	1.28	0.72	12.205	-22.675	12.153	-3.0243	7.6775	20.1
22	2	6	4	1	2.42	19.41889819	109	5.786994028	2.04	1.29	0.76	-1.7345	-13.5	-18.259	9.039	6.3585	20.1
23	2	6	4	1	2.34	10.3087021	66	4.54466612	1.82	1.01	0.66	-21.611	-19.372	-13.089	4.2479	-3.9673	20.1
24	2	6	4	1	2.33	19.70958702	122	5.361459461	2.09	1.29	0.73	22.73	8.582	-24.805	15.365	0.29868	20.1
25	2	6	4	1	2.22	20.93470682	122	5.897981162	2.09	1.32	0.77	30.704	3.8548	-14.269	11.937	1.2673	20.1
26	2	13	4	2	2.46	11.74926521	52	4.354635947	1.72	1.07	0.64	-23.445	-35.781	-3.1761	2.3148	8.5358	20.1
27	2	13	4	2	1.88	13.16851665	55	4.658881597	1.74	1.12	0.67	40.836	-3.3006	1.8398	2.9438	21.877	20.1
28	2	13	4	2	2.09	28.82423764	178	3.897103726	2.25	1.46	0.59	21.317	7.7515	-9.4425	11.604	-12.7	20.1
29	2	13	4	2	2.28	12.74653153	47	2.602008574	1.67	1.11	0.42	5.6732	3.7831	-8.5187	-3.3889	17.529	20.1
30	2	13	4	2	1.9	11.40188372	44	4.353171292	1.64	1.06	0.64	40.461	-3.5486	6.8257	-2.2375	15.665	20.1
31	2	13	4	2	1.52	6.314969221	28	3.954706219	1.45	0.8	0.6	38.594	-3.8427	7.9372	-4.1978	24.842	20.1
32	2	15	4	2	2.12	18.71689145	82	5.058824149	1.91	1.27	0.7	39.041	-3.9507	2.2482	6.1006	17.872	20.1
33	2	15	4	2	2	11.97834493	47	4.266510782	1.67	1.08	0.63	41.434	-5.4236	8.9256	-1.2449	19.544	20.1
34	2	15	4	2	2.18	18.53966689	91	5.090460472	1.96	1.27	0.71	28.649	-5.6873	-0.48763	10.812	5.8682	20.1
35	2	15	4	2	2.04	14.71995734	70	4.969722361	1.85	1.17	0.7	38.726	-0.75257	-5.005	11.668	9.9204	20.1
36	2	15	4	2	2.18	21.47959037	121	5.786285885	2.08	1.33	0.76	16.252	-6.6727	-13.695	15.458	5.5374	20.1
37	2	15	4	2	2.18	9.179186756	44	4.71526626	1.64	0.96	0.67	22.302	0.54695	-10.119	11.571	25.246	20.1
38	2	15	4	2	2.15	16.03783676	80	4.475104321	1.9	1.21	0.65	23.04	6.6307	-20.905	10.046	8.9485	20.1
39	2	15	4	2	2.08	24.90497904	139	5.614122577	2.14	1.4	0.75	32.499	2.6637	-11.783	12.415	0.3987	20.1
40	2	15	4	2	2.46	16.49205817	69	4.606470276	1.84	1.22	0.66	38.124	-7.1264	9.0472	2.5797	5.4809	20.1
41	2	15	4	2	2.08	18.71255039	101	5.388228791	2	1.27	0.73	-0.30037	-22.31	-4.0993	17.369	7.3296	20.1
42	2	15	4	2	2.13	5.231517807	18	2.817589127	1.26	0.72	0.45	4.8371	14.134	-32.38	1.5205	-1.2834	20.1
43	2	13	4	2	3.1	8.640744176	33	3.942503816	1.52	0.94	0.6	38.099	-4.5576	12.26	-4.4133	19.972	20.1
44	2	14	4	2	2.7	12.64463807	53	3.477252519	1.72	1.1	0.54	6.3721	16.703	-35.905	4.6147	-0.18478	20.1
45	2	11	2	1	0.3	14.08392258	57	4.21775254	1.76	1.15	0.63	39.949	-4.4086	12.097	-6.9826	18.143	20.1
46	2	11	2	1	0.48	5.848634309	23	2.894938082	1.36	0.77	0.46	8.9487	11.736	-22.805	-1.5446	4.2666	20.1
47	2	11	2	1	0.18	18.76377446	89	4.907131102	1.95	1.27	0.69	37.386	-2.42	5.0448	-1.0373	18.017	20.1
48	2	11	2	1	0.11	8.274752252	34	3.869269454	1.53	0.92	0.59	34.917	-0.15178	-0.52579	-0.96229	26.293	20.1
49	2	11	2	1	0.18	22.66601312	125	5.510676887	2.1	1.36	0.74	37.05	-0.35948	-0.10116	5.0811	7.3106	20.1
50	2	17	4	2	2.11	26.37973584	128	4.460945916	2.11	1.42	0.65	32.756	3.4687	-16.8	17.532	13.081	20.1
51	2	17	4	2	2.06	20.96381241	101	5.15208348	2	1.32	0.71	36.46	1.3047	-10.832	13.018	7.7863	20.1
52	2	17	4	2	1.85	17.6071184	74	4.330059224	1.87	1.25	0.64	17.711	12.881	-32.898	9.8467	5.4475	20.1
53	2	17	4	2	2	20.347742	94	5.413504106	1.97	1.31	0.73	34.63	1.3529	-8.7451	9.7111	16.787	20.1
54	2	17	4	2	1.78	19.75279043	81	4.265179812	1.91	1.3	0.63	38.315	-6.5149	15.545	-0.34905	2.0979	20.1
55	2	17	4	2	1.74	22.35667769	116	5.246637113	2.06	1.35	0.72	3.7095	-24.565	-9.6123	12.971	11.761	20.1
56	2	17	4	2	1.75	17.46218931	81	4.830864352	1.91	1.24	0.68	36.817	-4.3596	2.9047	2.9503	8.9745	20.1
57	2	17	4	2	1.79	21.95994225	110	5.210843735	2.04	1.34	0.72	35.84	-3.0204	1.9559	6.2619	7.8229	20.1
58	2	14	4	2	2.21	8.333634837	41	3.475105332	1.61	0.92	0.54	24.609	8.7002	-19.852	4.2286	15.428	20.1
59	2	14	4	2	2.19	9.493367909	41	2.728365712	1.61	0.98	0.44	6.2397	12.276	-27.062	-1.3222	-1.2844	20.1
60	2	14	4	2	2.2	15.93069999	78	4.065361227	1.89	1.2	0.61	26.112	6.2518	-18.058	4.4835	4.8081	20.1
61	2	13	4	2	2.85	9.668500357	52	4.961313026	1.72	0.99	0.7	-8.0326	13.004	15.338	-6.0047	16.146	20.1
62	2	6	4	1	3.32	38.76395817	248	5.373491046	2.39	1.59	0.73	18.106	12.142	-34.786	23.101	-6.4075	20.1
63	2	6	4	1	3.74	12.21340776	51	3.203614411	1.71	1.09	0.51	-27.953	-25.573	-22.934	4.5147	-3.2466	20.1
64	2	6	4	1	3	18.64656085	84	4.362790579	1.92	1.27	0.64	-27.412	-31.506	-19.285	18.48	1.4558	20.1
65	2	6	4	1	2.38	35.71353856	203	6.446532523	2.31	1.55	0.81	19.9	11.147	-29.589	18.386	-5.9079	20.1
66	2	6	4	1	2.35	30.98257409	179	6.120433168	2.25	1.49	0.79	25.669	9.0815	-24.277	18.172	-3.9159	20.1
67	2	6	4	1	2.39	24.81485275	131	6.065464931	2.12	1.39	0.78	29.686	5.8261	-16.379	13.574	3.9795	20.1
68	2	6	4	1	2.41	38.77030057	261	6.771744909	2.42	1.59	0.83	24.124	8.9249	-26.031	20.324	-11.017	20.1
69	2	6	4	1	2.35	33.45627829	207	6.6317388	2.32	1.52	0.82	26.056	8.2623	-22.967	19.254	-4.9075	20.1
70	2	6	4	1	2.22	30.70636957	184	4.890140283	2.26	1.49	0.69	16.954	13.199	-32.377	18.08	-7.9103	20.1
71	2	6	4	1	2.43	37.71748614	256	6.55242389	2.41	1.58	0.82	10.674	4.3261	-28.97	20.994	-4.1306	20.1
72	2	6	4	1	2.4	31.53602449	173	5.556664945	2.24	1.5	0.74	15.783	11.524	-34.177	22.941	-5.3934	20.1
73	2	6	4	1	2.54	28.51572733	169	6.323965216	2.23	1.46	0.8	19.339	11.836	-29.839	18.08	-6.2639	20.1
74	2	6	4	1	2.34	13.66158762	61	3.777963141	1.79	1.14	0.58	-27.925	-31.776	-15.812	19.806	-1.3104	20.1
75	2	15	4	2	2.18	26.71957532	159	5.656585832	2.2	1.43	0.75	17.613	16.06	-33.417	20.6	1.9838	20.1
76	2	15	4	2	2.18	18.13918922	72	5.057652226	1.86	1.26	0.7	34.837	3.7145	-12.407	16.749	21.412	20.1
77	2	15	4	2	2.19	19.58208697	95	5.416256766	1.98	1.29	0.73	27.981	9.4631	-23.836	22.49	17.507	20.1
78	2	15	4	2	2.17	19.12152135	93	5.014129924	1.97	1.28	0.7	32.484	1.228	-4.1751	12.546	10.542	20.1
79	2	15	4	2	2.18	17.07286032	84	5.106196535	1.92	1.23	0.71	32.781	7.3903	-19.79	21.682	19.101	20.1
80	2	15	4	2	2.18	8.750570579	26	3.511129171	1.41	0.94	0.55	19.53	7.9264	-16.4	1.6123	17.85	20.1
81	2	15	4	2	2.16	7.719076147	24	2.720669605	1.38	0.89	0.43	5.9483	16.986	-34.384	1.8779	-1.7982	20.1
82	2	15	4	2	2.19	22.12885982	124	4.796353572	2.09	1.34	0.68	26.486	9.7493	-22.416	20.811	6.3644	20.1
83	2	15	4	2	2.18	21.70367831	118	5.810145296	2.07	1.34	0.76	24.926	11.313	-30.577	24.541	13.126	20.1
84	2	15	4	2	2.18	13.23416941	70	4.963095915	1.85	1.12	0.7	22.329	0.0053049	-0.51263	5.4902	14.008	20.1
85	2	17	4	2	2.04	21.12224864	89	5.013425145	1.95	1.32	0.7	37.006	-5.2865	4.8878	3.4933	9.8173	20.1
86	2	14	4	2	2.18	24.39175195	132	5.18777472	2.12	1.39	0.71	33.598	-1.6073	4.7066	3.5273	-12.703	20.1
87	2	14	4	2	2.21	32.12048699	201	4.947762809	2.3	1.51	0.69	28.311	4.794	-6.1583	8.7534	-15.731	20.1
88	2	14	4	2	2.15	16.10371654	79	4.89225093	1.9	1.21	0.69	37.614	-1.9398	0.58831	3.4345	5.7311	20.1
89	2	13	4	2	2.3	19.30353793	102	4.7809463	2.01	1.29	0.68	35.308	-7.5207	4.223	5.4481	-2.8748	20.1
90	2	13	4	2	2.3	4.085832295	22	3.858339611	1.34	0.61	0.59	-34	-37.787	-10.651	9.128	0.76686	20.1
91	3	17	4	2	2.57	11.31980409	50	5.155965793	1.7	1.05	0.71	20.064	9.6447	2.72	-6.7713	15.893	22
92	3	4	6	2	4.43	8.082089821	58	4.535868696	1.76	0.91	0.66	-39.513	4.556	11.134	7.7081	3.2338	22
93	3	10	4	2	3.14	20.62014447	121	5.449471324	2.08	1.31	0.74	3.8611	9.1125	6.7948	-4.0869	0.70302	22
94	3	10	4	2	3.4	8.784125521	65	4.325224701	1.81	0.94	0.64	-23.546	28.502	18.224	10.832	3.0885	22
95	3	8	6	2	4.74	13.54751425	65	3.889304269	1.81	1.13	0.59	3.3644	-0.83581	5.5672	-27.714	10.076	22
96	3	4	6	2	4.65	11.49456361	97	5.325493524	1.99	1.06	0.73	-33.839	13.694	-3.3945	-20.278	1.7088	22
97	3	8	6	2	4.44	10.72093994	74	3.734047911	1.87	1.03	0.57	-13.978	-5.0637	-16.215	-33.147	2.0226	22
98	3	4	6	2	4.32	10.31037758	73	5.333014364	1.86	1.01	0.73	-36.602	-11.6	-2.236	-7.1791	2.4579	22
99	3	17	4	2	2.74	10.35316548	52	4.378614653	1.72	1.02	0.64	-43.471	-17.408	2.8582	5.7407	0.71733	22
100	3	8	6	2	4.54	16.6103819	69	4.922002736	1.84	1.22	0.69	15.89	-4.5511	10.961	-12.288	20.413	22
101	3	10	4	2	3.26	10.94732792	49	4.510104903	1.69	1.04	0.65	21.43	4.4228	26.145	-2.1142	15.18	22
102	3	17	4	2	2.98	15.20587575	70	4.315630024	1.85	1.18	0.64	-40.415	-24.5	-2.1577	-1.9734	1.9789	22
103	3	11	2	1	2.57	20.91511398	125	5.577162741	2.1	1.32	0.75	-25.733	27.76	10.662	4.6857	0.16785	22
104	3	4	6	2	4.34	14.86342562	103	4.836718148	2.01	1.17	0.68	-20.249	-10.268	3.6919	-5.4292	-1.3852	22
105	3	8	6	2	4.72	6.143934503	35	2.810575575	1.54	0.79	0.45	-5.4476	13.308	-26.339	-39.859	-2.5266	22
106	3	4	6	2	4.36	17.19392032	104	4.204033719	2.02	1.24	0.62	-25.627	18.943	3.5042	-9.088	1.3473	22
107	3	8	6	2	4.42	11.99739285	75	4.539571122	1.88	1.08	0.66	-39.296	-19.52	-0.31358	15.755	-1.4428	22
108	3	11	2	1	2.55	17.37750497	85	5.202804261	1.93	1.24	0.72	-21.242	-14.376	-15.082	-7.3321	0.58604	22
109	3	17	4	2	2.55	10.52501855	63	4.327540906	1.8	1.02	0.64	-38.599	-23.629	-5.1604	10.436	-5.3089	22
110	3	8	6	2	4.05	33.61248846	216	5.597150596	2.33	1.53	0.75	-14.168	-14.096	2.3036	-12.023	-7.1368	22
111	3	16	5	1	3.53	30.15949946	236	5.743210004	2.37	1.48	0.76	-16.194	-10.443	10.591	11.365	-9.3666	22
112	3	4	6	2	4.17	13.27534001	95	5.56609257	1.98	1.12	0.75	-12.409	-0.59124	12.445	-12.124	7.538	22
113	3	4	6	2	4.38	28.574005	166	5.062013302	2.22	1.46	0.7	-29.239	0.13602	-9.6815	-16.85	-1.8832	22
114	3	1	7	3	2.6	12.13697428	40	2.616591473	1.6	1.08	0.42	-9.0479	5.4997	-16.916	-22.019	-0.95356	22
115	3	8	6	2	4.35	7.740120135	48	2.948275777	1.68	0.89	0.47	-20.563	-1.1911	-18.622	-32.211	-0.99042	22
116	3	8	6	2	4.54	11.62131056	51	4.535713005	1.71	1.07	0.66	-9.0093	24.519	1.0444	-7.7506	6.4243	22
117	3	1	7	3	2.61	6.946467134	49	4.597016237	1.69	0.84	0.66	-33.665	-25.096	-9.2772	-3.1835	0.35938	22
118	3	1	7	3	2.65	20.21772931	103	4.905333783	2.01	1.31	0.69	2.361	-15.669	12.474	-16.818	1.5499	22
119	3	17	4	2	2.52	46.52394137	292	4.813967463	2.47	1.67	0.68	-32.157	20.644	14.217	9.0027	-4.1376	22
120	3	1	7	3	2.56	7.546845548	67	3.164808956	1.83	0.88	0.5	-38.831	-11.422	-5.936	-0.11427	-1.2563	22
121	3	1	7	3	2.41	6.282913339	32	3.351602386	1.51	0.8	0.53	-27.953	-5.565	-12.094	-12.319	5.4707	22
122	3	17	4	2	3.17	6.126262148	48	4.563826169	1.68	0.79	0.66	-43.321	-11.846	-0.2059	-0.17635	1.2049	22
123	3	1	7	3	2.48	6.070067845	30	3.583808773	1.48	0.78	0.55	-34.134	-27.157	-10.63	0.122	-1.2851	22
124	3	17	4	2	2.53	15.45161764	71	2.581089844	1.85	1.19	0.41	-29.09	39.454	16.247	11.386	1.3799	22
125	3	1	7	3	2.43	19.33826802	124	5.97462352	2.09	1.29	0.78	-3.1232	-8.1806	15.377	-11.808	2.7696	22
126	3	17	4	2	2.51	8.732039275	65	4.249632288	1.81	0.94	0.63	-45.247	0.28534	15.433	18.969	0.30887	22
127	3	17	4	2	2.52	16.84295489	117	3.935758999	2.07	1.23	0.6	-36.388	21.626	17.849	13.715	-1.9935	22
128	3	8	6	2	4.75	14.89749061	91	4.23794532	1.96	1.17	0.63	-13.88	-0.67083	-13.874	-28.535	3.8546	22
129	3	1	7	3	2.51	5.65622016	16	1.800891106	1.2	0.75	0.26	-8.4239	14.696	-20.995	-21.187	-1.4928	22
130	3	17	4	2	2.54	18.41642	84	4.984674972	1.92	1.27	0.7	-13.749	13.992	4.6115	-12.178	3.2743	22
131	3	17	4	2	2.62	26.32936909	207	5.795390901	2.32	1.42	0.76	-11.255	32.945	0.040713	1.6475	-8.218	22
132	3	1	7	3	2.46	19.78022519	131	4.273953928	2.12	1.3	0.63	-25.854	11.923	24.769	10.567	7.3419	22
133	3	8	6	2	4.53	27.96070965	178	6.073368107	2.25	1.45	0.78	-6.0035	-7.4291	-0.037417	-18.924	-0.086057	22
134	3	7	1	3	2.31	40.94665942	269	6.629805538	2.43	1.61	0.82	-21.325	2.8815	-5.824	2.2016	-12.952	22
135	3	6	4	1	3.55	10.38034764	48	4.749932564	1.68	1.02	0.68	26.156	2.391	6.0142	-7.6093	19.258	22
136	3	9	4	2	2.73	13.0914875	46	4.478268395	1.66	1.12	0.65	5.0308	8.1829	-16.165	-9.9189	6.9432	22
137	3	14	4	2	2.81	11.16330237	43	4.612559596	1.63	1.05	0.66	18.002	4.3209	-6.3483	-5.3603	20.316	22
138	3	7	1	3	4	30.90237516	195	4.651709661	2.29	1.49	0.67	-23.972	23.624	13.515	7.9334	-1.4791	22
139	3	17	4	2	2.49	8.960577096	82	3.41336369	1.91	0.95	0.53	-42.771	17.334	17.974	18.037	-0.88653	22
140	3	14	4	2	2.75	8.952306078	71	3.857664099	1.85	0.95	0.59	-40.726	17.3	20.868	14.519	3.1376	22
141	3	14	4	2	2.86	7.921600809	51	4.249406504	1.71	0.9	0.63	3.2046	16.079	28.121	0.57869	17.887	22
142	3	15	4	2	2.49	18.94492198	125	5.322112099	2.1	1.28	0.73	-3.3247	11.811	-3.0282	11.438	7.392	22
143	3	14	4	2	2.77	15.59562299	72	4.632121135	1.86	1.19	0.67	8.06	21.095	-30.203	9.4839	1.3009	22
144	3	9	4	2	2.55	10.01012597	48	3.964146723	1.68	1	0.6	4.0491	27.072	15.265	1.4085	20.491	22
145	3	15	4	2	2.49	9.037336695	56	2.354336921	1.75	0.96	0.37	-27.281	14.942	20.274	8.4599	9.9909	22
146	3	13	4	2	3.18	13.77326829	100	4.548948316	2	1.14	0.66	-38.581	18.554	13.195	14.383	-2.6557	22
147	3	9	4	2	2.52	21.53975369	136	5.012722251	2.13	1.33	0.7	-10.224	13.274	21.323	3.9679	5.3014	22
148	3	15	4	2	2.5	12.72512802	98	4.165393653	1.99	1.1	0.62	-40.137	17.249	18.46	18.251	0.60538	22
149	3	15	4	2	2.5	6.55180311	58	3.895426376	1.76	0.82	0.59	-23.063	30.267	9.6066	-2.136	1.5902	22
150	3	15	4	2	3.25	18.84886678	123	5.87993443	2.09	1.28	0.77	-5.8605	9.1103	23.309	-8.009	7.8467	22
151	3	9	4	2	2.54	17.65447308	90	5.377293957	1.95	1.25	0.73	3.1833	-19.869	21.679	-2.3732	5.9092	22
152	3	17	4	2	2.55	12.97560762	87	5.082069126	1.94	1.11	0.71	-27.05	37.568	16.357	4.3427	2.627	22
153	3	13	4	2	3.53	36.15653805	257	6.778558612	2.41	1.56	0.83	-8.556	4.4936	15.977	3.7108	-1.0897	22
154	3	15	4	2	2.78	14.79060113	124	5.416530855	2.09	1.17	0.73	-35.176	19.205	2.155	6.2419	5.2521	22
155	3	15	4	2	2.88	13.84439404	108	4.759739101	2.03	1.14	0.68	-11.841	16.573	-12.979	-30.334	-2.2312	22
156	3	15	4	2	4.81	10.94469025	87	4.447262859	1.94	1.04	0.65	-36.712	15.974	16.533	15.996	0.32121	22
157	3	15	4	2	3.27	8.278092892	54	4.505418948	1.73	0.92	0.65	-5.9271	36.113	16.28	-3.6752	12.555	22
158	3	6	4	1	3.19	12.48658765	96	3.930910371	1.98	1.1	0.59	-44.816	10.236	17.244	18.221	-1.0444	22
159	3	13	4	2	3.76	5.887391171	53	4.512268446	1.72	0.77	0.65	-21.362	42.525	14.97	9.2309	-0.098448	22
160	3	6	4	1	3.08	20.41337158	131	3.962165511	2.12	1.31	0.6	-39.749	10.683	15.947	17.647	-0.22368	22
161	3	6	4	1	3.19	13.61871944	99	4.545295884	2	1.13	0.66	-38.083	-4.9712	2.5252	20.621	-5.4146	22
162	3	14	4	2	3.13	11.96399305	110	4.75913277	2.04	1.08	0.68	-29.678	19.323	8.7202	-9.2725	1.3183	22
163	3	8	6	2	4.81	10.18193339	74	4.453405008	1.87	1.01	0.65	-13.404	17.197	-20.014	-33.977	-4.7817	22
164	3	14	4	2	2.95	11.20503729	61	5.010782032	1.79	1.05	0.7	-25.361	26.6	6.945	-15.134	3.5949	22
165	3	14	4	2	3.08	10.93187467	77	4.837312079	1.89	1.04	0.68	-27.158	42.478	10.499	-1.7474	0.11898	22
166	3	9	4	2	2.7	24.50640265	150	5.815558127	2.18	1.39	0.76	-30.197	16.092	8.1799	-0.59511	-4.2815	22
167	3	14	4	2	2.81	17.94590127	98	5.146714136	1.99	1.25	0.71	6.8553	25.514	6.119	11.295	15.886	22
168	3	14	4	2	2.82	15.90111819	110	5.812069474	2.04	1.2	0.76	-17.315	20.605	17.428	-4.9191	10.339	22
169	3	14	4	2	2.85	25.37669673	197	6.746090483	2.29	1.4	0.83	-21.414	24.606	4.3061	7.2666	-2.5584	22
170	3	8	6	2	4.81	6.769765345	32	2.363052609	1.51	0.83	0.37	-15.153	2.2833	-21.356	-28.686	-1.8211	22
171	3	4	6	2	4.16	9.438734407	62	4.94213222	1.79	0.97	0.69	-32.386	-10.194	-4.2924	-15.988	6.8874	22
172	3	4	6	2	4.45	12.66458839	56	3.729398118	1.75	1.1	0.57	-25.286	-18.61	-12.65	-14.377	6.2576	22
173	3	11	2	1	2.56	16.77991175	87	4.348053939	1.94	1.22	0.64	-41.38	-19.186	-0.26795	6.9256	-3.2661	22
174	3	13	4	2	4.12	5.167987446	36	3.811864087	1.56	0.71	0.58	-26.918	15.446	8.8648	2.9746	3.8077	22
175	3	13	4	2	4.37	7.664286594	43	4.169074982	1.63	0.88	0.62	-26.878	46.224	15.309	11.546	1.7728	22
176	3	8	6	2	4.81	6.961514218	30	3.988614085	1.48	0.84	0.6	-3.3407	14.732	-15.002	-22.678	7.2552	22
177	3	4	6	2	4.43	9.073574192	58	4.560831441	1.76	0.96	0.66	-41.469	-16.851	-1.2086	9.5072	-1.5183	22
178	3	8	6	2	4.78	12.4729384	66	3.425354043	1.82	1.1	0.53	1.1767	-7.7279	-4.907	-15.217	8.0377	22
179	3	8	6	2	4.54	6.206247606	28	3.244664582	1.45	0.79	0.51	-26.123	-33.922	-15.342	-0.89429	6.0388	22
180	3	8	6	2	4.55	8.635918061	66	4.630027944	1.82	0.94	0.67	-15.783	0.37835	-20.321	-34.195	-3.2882	22
181	3	17	4	2	2.99	18.13914928	94	5.317561365	1.97	1.26	0.73	-22.726	21.756	-0.068964	-20.333	2.3874	22
182	3	4	6	2	4.23	10.47515017	45	4.429908871	1.65	1.02	0.65	-26.46	-5.2953	-10.482	-18.115	3.4621	22
183	3	4	6	2	4.42	6.816286391	61	4.832106631	1.79	0.83	0.68	-42.16	0.44685	10.053	6.2153	2.2554	22
184	3	13	4	2	4.7	6.54820824	35	3.0465028	1.54	0.82	0.48	-17.951	33.667	3.7937	5.5464	1.4465	22
185	3	8	6	2	4.24	6.275077362	31	2.860035015	1.49	0.8	0.46	-3.2388	19.263	-24.968	-35.79	0.22091	22
186	3	8	6	2	4.81	9.383446813	55	3.573462575	1.74	0.97	0.55	10.67	13.342	2.3896	-28.171	13.362	22
187	3	4	6	2	4.44	7.796035581	43	3.922187147	1.63	0.89	0.59	-20.085	14.141	3.2333	-17.482	10.777	22
188	3	4	6	2	4.45	9.524136108	65	4.581660314	1.81	0.98	0.66	-25.095	-8.9388	3.913	3.7893	10.876	22
189	3	4	6	2	4.36	4.492675983	17	2.934936454	1.23	0.65	0.47	-31.003	-31.518	-15.787	8.2681	-0.52416	22
190	3	8	6	2	4.42	5.081743766	34	4.091434032	1.53	0.71	0.61	-40.052	-23.596	-0.26727	13.396	-1.3632	22
191	3	4	6	2	4.17	16.25849621	99	5.323294551	2	1.21	0.73	-19.08	-6.5996	10.665	-5.8308	9.6622	22
192	3	17	4	2	2.97	18.47726496	86	3.752648293	1.93	1.27	0.57	-29.456	38.452	15.891	6.6357	1.6676	22
193	3	6	4	1	3.18	13.97925411	80	5.089964915	1.9	1.15	0.71	-5.7219	-16.06	17.275	-7.6413	13.479	22
194	3	6	4	1	3.22	9.797419732	56	4.131366367	1.75	0.99	0.62	-41.787	8.9817	17.876	9.0532	5.6243	22
195	3	6	4	1	3.08	6.365508675	25	3.189195538	1.4	0.8	0.5	5.9366	18.449	-28.269	8.0036	10.771	22
196	3	6	4	1	3.26	15.22316968	108	4.147817122	2.03	1.18	0.62	-41.674	5.1057	10.502	12.759	0.65605	22
197	3	6	4	1	3.85	7.487677274	72	4.913315658	1.86	0.87	0.69	-37.716	6.6823	4.8042	-8.338	3.9471	22
198	3	16	5	1	3.53	16.1159524	115	4.186922828	2.06	1.21	0.62	-39.739	12.319	13.965	20.665	-4.2448	22
199	3	15	4	2	2.81	6.479059856	68	4.175348578	1.83	0.81	0.62	-26.369	43.223	14.106	13.54	-3.1986	22
200	3	15	4	2	2.89	26.6852367	190	3.514089621	2.28	1.43	0.55	-31.992	31.233	12.701	15.332	-5.695	22
201	3	6	4	1	3.14	21.59076093	122	5.727091374	2.09	1.33	0.76	-8.1876	-4.9509	21.327	-0.31082	5.2987	22
202	3	1	7	3	2.59	23.2965602	142	5.623924471	2.15	1.37	0.75	-11.292	-19.311	4.8772	-3.2735	4.0747	22
203	3	1	7	3	2.52	11.75216749	43	3.220178898	1.63	1.07	0.51	-14.186	11.048	-14.947	-20.963	-2.2532	22
204	3	1	7	3	2.53	6.739603192	42	3.571690457	1.62	0.83	0.55	-34.738	-18.116	-13.001	-10.131	-1.0862	22
205	3	8	6	2	4.75	12.34339996	61	2.760218914	1.79	1.09	0.44	-6.9853	12.729	-27.477	-38.067	-2.1018	22
206	3	11	2	1	2.63	5.255315033	27	3.364296807	1.43	0.72	0.53	-35.738	-36.2	-9.054	1.0484	1.9953	22
207	3	8	6	2	4.47	15.80288141	76	5.463230176	1.88	1.2	0.74	-17.073	7.0789	-9.1652	-28.061	-3.8532	22
208	3	8	6	2	4.33	22.23033707	103	5.433349282	2.01	1.35	0.74	-16.623	13.51	-9.801	-19.606	-2.2417	22
209	3	11	2	1	2.66	32.3864855	185	5.720890715	2.27	1.51	0.76	-30.968	-6.6457	-4.7016	-3.8518	-5.8907	22
210	3	1	7	3	2.41	5.757066955	15	1.405513058	1.18	0.76	0.15	-1.8275	11.91	-21.117	-20.259	2.8369	22
211	3	11	2	1	2.66	7.181389221	44	3.714983241	1.64	0.86	0.57	-25.846	-4.8497	-16.14	-34.356	4.5832	22
212	3	1	7	3	2.22	18.41091497	108	5.676640054	2.03	1.27	0.75	6.5284	12.513	-13.616	-8.8684	0.33205	22
213	3	1	7	3	2.6	6.742831789	57	4.895946262	1.76	0.83	0.69	-44.272	-10.628	3.9325	11.92	-0.82042	22
214	3	11	2	1	2.62	6.074579971	33	3.77462719	1.52	0.78	0.58	-21.802	-31.582	-11.827	0.4366	10.488	22
215	3	1	7	3	2.48	10.89347636	67	4.911803171	1.83	1.04	0.69	-40.238	-1.7341	5.0156	-1.5026	3.3715	22
216	3	11	2	1	2.59	22.93407611	149	5.851609865	2.17	1.36	0.77	-29.256	9.3095	3.0317	-7.3169	-2.2915	22
217	3	11	2	1	2.64	13.89225195	64	5.095497971	1.81	1.14	0.71	-2.9722	15.462	-14.368	-12.413	-5.7773	22
218	3	11	2	1	2.67	16.82015115	86	5.17459192	1.93	1.23	0.71	-25.764	-8.4366	-7.9295	-11.182	-3.2189	22
219	3	1	7	3	2.46	13.88268033	65	5.128075516	1.81	1.14	0.71	-21.566	-1.5926	-10.283	-12.416	0.5041	22
220	3	1	7	3	2.52	6.918358591	39	4.263093685	1.59	0.84	0.63	-14.579	-31.453	3.213	-2.4218	16.462	22
221	3	11	2	1	2.6	42.65690699	286	5.868870063	2.46	1.63	0.77	-26.877	-8.3334	-8.8252	0.079819	-11.569	22
222	3	11	2	1	2.58	7.708117222	42	3.919348888	1.62	0.89	0.59	-16.768	-33.947	-7.4772	3.776	12.32	22
223	3	11	2	1	2.62	23.08122846	119	5.66618377	2.08	1.36	0.75	-21.843	-4.0021	-10.472	-11.831	-5.4778	22
224	3	1	7	3	2.22	11.12614453	57	4.779736558	1.76	1.05	0.68	-30.763	-21.83	-2.1782	-1.5062	2.1674	22
225	3	1	7	3	2.57	19.66052158	88	4.645271288	1.94	1.29	0.67	-0.59682	18.373	-19.921	-6.9684	-12.109	22
226	3	11	2	1	2.56	22.6093177	121	5.358008675	2.08	1.35	0.73	-27.683	-11.503	-7.6538	-9.2967	-2.7841	22
227	3	11	2	1	2.67	21.23982824	108	4.426169116	2.03	1.33	0.65	-26.244	-31.764	-5.8917	6.6868	-0.44992	22
228	3	11	2	1	2.62	26.19592658	164	4.584239438	2.21	1.42	0.66	-32.706	19.406	7.3724	0.55352	-2.7985	22
239	1	7	1	3	1.81	5.704732378	51	4.193776899	1.71	0.76	0.62	20.091	9.902	20.446	0.75428	-14.73	24.1
240	1	7	1	3	1.67	34.69728471	246	6.252529798	2.39	1.54	0.8	17.329	-2.2401	6.1831	0.41833	-35.779	24.1
241	1	7	1	3	1.91	34.30984303	225	6.277992839	2.35	1.54	0.8	24.005	5.1616	-6.1224	1.2014	-30.694	24.1
242	1	7	1	3	1.62	24.26454278	139	3.22732877	2.14	1.38	0.51	22.558	1.9991	0.4202	-3.1925	-13.943	24.1
243	1	7	1	3	1.91	5.248238855	23	3.257221518	1.36	0.72	0.51	3.4551	12.073	-21.923	-6.57	-14.307	24.1
244	1	7	1	3	2.05	40.21824488	284	6.895999041	2.45	1.6	0.84	23.803	2.2822	-1.057	-1.5128	-36.768	24.1
245	1	7	1	3	1.69	35.55530928	223	5.742960159	2.35	1.55	0.76	21.621	1.853	-0.82843	-0.18926	-32.094	24.1
246	1	7	1	3	2.36	41.65450642	360	7.278069199	2.56	1.62	0.86	13.024	7.5733	0.061721	0.93586	-38.34	24.1
247	1	7	1	3	2.2	21.52168336	115	5.567759313	2.06	1.33	0.75	30.851	-0.81607	2.7992	-0.95913	-12.547	24.1
248	1	12	3	2	2.32	11.68746056	48	4.524312811	1.68	1.07	0.66	15.892	4.1823	-9.0893	-4.6952	-2.6946	24.1
249	1	12	3	2	2.27	36.31428645	253	6.396544681	2.4	1.56	0.81	18.017	-7.2106	7.1244	-1.5015	-35.184	24.1
250	1	12	3	2	1.98	29.02383463	167	5.98117023	2.22	1.46	0.78	25.914	-5.3833	5.2771	-7.3956	-11.481	24.1
251	1	12	3	2	2.23	40.72168987	263	6.409653331	2.42	1.61	0.81	12.739	-6.7377	0.59571	-3.4305	-24.209	24.1
252	1	16	5	1	2.15	39.09760996	266	5.752706922	2.42	1.59	0.76	16.222	9.2079	-13.44	3.6363	-34.967	24.1
253	1	16	5	1	1.81	14.94475566	79	5.068358704	1.9	1.17	0.7	27.464	-4.394	5.1816	-4.7022	1.3591	24.1
254	1	10	4	2	1.38	23.1808939	137	4.308406633	2.14	1.37	0.63	19.656	11.304	7.9027	-4.8359	-15.57	24.1
255	1	17	4	2	1.3	36.93529901	251	6.544771029	2.4	1.57	0.82	25.765	3.9432	5.2354	-0.16616	-34.92	24.1
256	1	17	4	2	1.51	28.24567889	176	6.098758545	2.25	1.45	0.79	29.575	-1.6068	4.3094	-1.2342	-27.176	24.1
257	1	17	4	2	1.49	21.92094786	109	5.02034546	2.04	1.34	0.7	36.693	-6.3173	12.732	-6.8661	-5.775	24.1
258	1	17	4	2	1.54	17.55638917	79	4.654025184	1.9	1.24	0.67	41.389	-6.0896	15.494	-8.6124	1.8398	24.1
259	1	17	4	2	1.4	19.32599833	99	5.139872833	2	1.29	0.71	32.946	-9.039	13.597	-6.353	-17.024	24.1
260	1	17	4	2	1.48	21.20636124	113	4.648934471	2.05	1.33	0.67	33.375	-10.267	17.025	-7.4574	-12.038	24.1
261	1	17	4	2	1.4	37.3746881	269	6.172297423	2.43	1.57	0.79	25.187	0.19509	3.4316	-0.29596	-37.756	24.1
262	1	17	4	2	1.54	9.533539823	34	3.493218874	1.53	0.98	0.54	39.921	-12.145	19.726	-8.078	13.325	24.1
263	1	17	4	2	1.4	34.59163154	249	6.058617739	2.4	1.54	0.78	20.423	-1.5303	7.9662	-1.9852	-36.227	24.1
264	1	17	4	2	1.4	14.53720992	66	4.030314272	1.82	1.16	0.61	37.681	-8.0335	21.171	-9.0182	-3.252	24.1
265	1	16	5	1	2.38	25.09381589	176	5.322275984	2.25	1.4	0.73	-7.8384	19.1	9.2261	-1.6369	-12.728	24.1
266	1	6	4	1	3.96	35.44589317	234	5.51350938	2.37	1.55	0.74	29.375	1.9705	3.7944	5.2033	-20.916	24.1
267	1	9	4	2	2.13	19.69939899	99	4.048040935	2	1.29	0.61	23.938	-3.6122	20.64	-6.1195	-9.8647	24.1
268	1	5	7	2	1	11.56553033	47	3.72572103	1.67	1.06	0.57	35.984	-9.2771	22.505	-8.8672	6.7627	24.1
269	1	5	7	2	1	38.71882502	254	5.789852095	2.4	1.59	0.76	24.03	-0.76594	7.9504	1.7511	-31.504	24.1
270	1	5	7	2	1	26.1869612	125	4.956900023	2.1	1.42	0.7	35.098	-5.5871	16.471	-5.7279	-4.7926	24.1
271	1	5	7	2	1	35.40274287	283	5.980142908	2.45	1.55	0.78	-6.09	-17.947	7.5822	13.593	-27.897	24.1
272	1	5	7	2	1.08	14.22870936	70	4.791615846	1.85	1.15	0.68	29.881	-11.415	15.37	-8.7859	-4.0422	24.1
273	1	3	8	3	1.04	12.00851556	56	4.479016772	1.75	1.08	0.65	33.857	-10.492	16.118	-10.592	-0.070963	24.1
274	1	3	8	3	1.04	15.17502418	61	4.238857914	1.79	1.18	0.63	33.623	-7.23	20.189	-4.4155	3.3691	24.1
275	1	3	8	3	1	19.38774886	83	4.230751863	1.92	1.29	0.63	33.155	-9.8382	21.861	-7.018	-0.12013	24.1
276	1	3	8	3	1	16.85854763	81	4.502096506	1.91	1.23	0.65	28.523	-9.0993	20.936	-5.8969	-3.8068	24.1
277	1	3	8	3	1	10.46526425	44	3.7651476	1.64	1.02	0.58	35.325	-12.453	21.566	-9.1307	2.2032	24.1
278	1	3	8	3	1.08	17.78620309	96	4.357124515	1.98	1.25	0.64	4.8117	23.009	14.965	6.7905	1.248	24.1
279	1	2	3	2	1	16.71312265	104	4.292347755	2.02	1.22	0.63	-23.691	-18.596	10.792	19.63	-0.81173	24.1
280	1	2	3	2	1	25.78640862	164	5.6207736	2.21	1.41	0.75	-3.2762	-25.709	8.5442	6.681	-17.788	24.1
281	1	2	3	2	1	4.284288847	19	3.19203043	1.28	0.63	0.5	1.3377	8.1117	-19.707	-7.7246	-12.091	24.1
282	1	2	3	2	1	27.09229295	179	5.154241065	2.25	1.43	0.71	4.7387	-16.212	19.8	-1.1073	-19.859	24.1
283	1	2	3	2	1	22.06451921	140	5.115998373	2.15	1.34	0.71	-7.8855	-29.429	14.009	13.7	-13.227	24.1
284	1	2	3	2	1	9.644114117	59	4.108809924	1.77	0.98	0.61	-10.299	-35.314	8.7377	14.573	-5.2898	24.1
285	1	2	3	2	1	22.26421579	130	5.085683627	2.11	1.35	0.71	14.247	-19.452	15.723	-4.9697	-15.422	24.1
286	1	2	3	2	1	17.79728389	83	4.706918318	1.92	1.25	0.67	24.177	-5.7775	22.442	-5.3456	-0.6432	24.1
287	1	2	3	2	1	12.64860893	56	4.065686431	1.75	1.1	0.61	31.148	-10.172	22.262	-8.0703	-3.7657	24.1
288	1	2	3	2	1	30.67218472	207	5.952522136	2.32	1.49	0.77	18.707	-7.9857	9.1182	-6.5515	-27.146	24.1
289	1	9	4	2	2.66	26.01964516	133	5.367537172	2.12	1.42	0.73	22.126	-5.9158	15.327	-3.2573	-9.556	24.1
290	1	16	5	1	2.54	24.74842337	148	5.821756555	2.17	1.39	0.77	24.451	-5.9385	5.1824	-2.0359	-16.738	24.1
291	1	16	5	1	1.85	18.04186413	89	4.984965515	1.95	1.26	0.7	6.0178	-26.258	18.536	-4.0669	2.9973	24.1
292	1	9	4	2	2.66	15.06624887	84	3.51905618	1.92	1.18	0.55	9.0096	26.081	21.343	10.585	7.6029	24.1
293	1	9	4	2	2.94	7.681739463	38	3.825172244	1.58	0.89	0.58	25.957	3.2934	14.285	-4.109	-13.233	24.1
294	1	9	4	2	2.11	19.46773785	106	4.704187412	2.03	1.29	0.67	18.402	-19.509	19.023	-6.4991	-13.122	24.1
295	1	10	4	2	2.98	8.710747779	47	2.265811493	1.67	0.94	0.36	16.887	5.5836	9.5618	-3.1059	1.6971	24.1
296	1	10	4	2	2.07	18.74373198	111	4.368008698	2.05	1.27	0.64	9.3418	18.956	30.607	1.5069	-4.5011	24.1
297	1	12	3	2	2.36	9.933098858	31	3.809630321	1.49	1	0.58	22.703	0.036709	-2.5682	-5.3714	22.453	24.1
298	1	12	3	2	2.44	10.87562087	49	4.160979803	1.69	1.04	0.62	24.183	0.92248	0.78514	-5.9199	13.709	24.1
299	1	2	3	2	1	20.19523861	83	4.871872015	1.92	1.31	0.69	30.958	-2.7366	6.993	-4.0367	10.683	24.1
300	1	3	8	3	0.95	15.54257993	70	4.465607122	1.85	1.19	0.65	32.289	-8.8438	17.826	-5.9862	3.3623	24.1
301	1	12	3	2	1.67	49.25983177	387	7.370702346	2.59	1.69	0.87	22.264	6.1043	-9.3396	3.6098	-30.908	24.1
302	1	12	3	2	1.63	49.11392911	344	7.000294246	2.54	1.69	0.85	22.685	3.7688	-2.8424	2.3338	-29.563	24.1
303	1	12	3	2	1.73	25.57261842	134	5.085909026	2.13	1.41	0.71	27.802	-6.8225	17.044	-1.6154	-13.438	24.1
304	1	12	3	2	1.65	17.76320237	81	4.452468363	1.91	1.25	0.65	19.958	-18.704	22.287	-7.6101	-5.5082	24.1
305	1	12	3	2	1.49	15.56836382	81	4.55971107	1.91	1.19	0.66	13.236	-21.345	21.883	-4.3449	-6.901	24.1
306	1	12	3	2	1.6	79.91065646	533	7.562131652	2.73	1.9	0.88	1.088	13.59	-21.278	-5.1316	-13.805	24.1
